please input k : 
2
please input the filename:
nba
49
skyline 1
idx:0 17.6,1.8,1.0,1.5,24.8,
idx:0 16.9,5.0,1.5,4.1,27.7,
idx:0 14.3,6.3,2.6,0.7,29.8,
idx:0 14.1,2.2,1.1,2.1,34.5,
idx:0 11.0,5.0,2.5,1.9,29.3,
idx:0 10.9,5.5,2.2,1.9,27.9,
idx:0 10.7,5.2,2.3,2.4,27.4,
idx:0 6.6,6.8,1.6,0.9,8.8,
8
skyline 2
idx:0 14.5,4.8,1.4,3.5,27.0,
idx:0 13.2,5.0,1.0,2.5,18.9,
idx:0 2.0,4.1,1.9,0.1,5.0,
3
skyline 3
idx:0 13.3,3.9,1.2,3.2,26.2,
idx:0 10.8,4.5,1.0,3.4,24.8,
idx:0 4.3,1.2,1.3,0.5,9.3,
idx:0 3.4,0.9,1.4,0.3,9.5,
idx:0 3.1,2.8,1.4,0.5,14.8,
idx:0 3.0,4.7,0.8,0.1,10.9,
6
skyline 4
idx:0 7.6,1.6,0.7,0.6,14.8,
idx:0 7.3,0.7,0.4,0.9,11.1,
idx:0 7.0,1.3,0.4,0.1,16.4,
idx:0 5.6,1.4,1.0,0.8,13.9,
idx:0 4.4,0.8,0.7,1.3,6.1,
idx:0 4.2,4.5,0.9,0.3,14.5,
idx:0 2.4,0.4,0.9,0.9,3.7,
7
skyline 5
idx:0 4.1,1.1,0.4,0.1,5.5,
idx:0 4.0,0.0,0.4,0.4,3.4,
idx:0 3.0,0.8,0.3,0.3,2.9,
idx:0 2.4,1.1,0.9,0.1,6.9,
idx:0 2.3,1.8,0.5,0.3,6.0,
idx:0 2.3,1.0,0.5,0.5,3.5,
idx:0 1.9,1.9,0.4,0.1,8.8,
idx:0 1.9,0.3,0.6,0.3,2.5,
idx:0 1.5,0.0,0.0,1.0,1.5,
idx:0 1.1,2.2,0.2,0.0,6.2,
idx:0 1.1,0.9,0.7,0.5,5.3,
11
skyline 6
idx:0 1.9,1.1,0.6,0.1,6.3,
idx:0 1.9,0.5,0.2,0.1,7.1,
idx:0 1.5,0.5,0.3,0.3,0.3,
idx:0 0.7,0.0,0.2,0.2,0.7,
4
skyline 7
idx:0 1.8,0.3,0.2,0.1,4.4,
idx:0 1.6,0.1,0.3,0.0,2.7,
idx:0 1.3,0.4,0.0,0.0,2.6,
idx:0 1.0,0.6,0.2,0.0,1.8,
idx:0 0.7,0.7,0.3,0.0,1.7,
5
skyline 8
idx:0 0.8,0.2,0.0,0.0,0.6,
idx:0 0.5,0.0,0.0,0.0,0.7,
idx:0 0.5,0.3,0.0,0.0,1.7,
idx:0 0.2,0.0,0.1,0.1,0.7,
4
skyline 9
idx:0 0.5,0.0,0.0,0.0,1.5,
1
first k skylines point set size :49
Sk:49
预处理之后剩余的点数：39
预处理得到的group数目：364
大小为1的candidate group数39
366
time : 8848


please input k : 
4
please input the filename:
nba
49
skyline 1
idx:0 17.6,1.8,1.0,1.5,24.8,
idx:0 16.9,5.0,1.5,4.1,27.7,
idx:0 14.3,6.3,2.6,0.7,29.8,
idx:0 14.1,2.2,1.1,2.1,34.5,
idx:0 11.0,5.0,2.5,1.9,29.3,
idx:0 10.9,5.5,2.2,1.9,27.9,
idx:0 10.7,5.2,2.3,2.4,27.4,
idx:0 6.6,6.8,1.6,0.9,8.8,
8
skyline 2
idx:0 14.5,4.8,1.4,3.5,27.0,
idx:0 13.2,5.0,1.0,2.5,18.9,
idx:0 2.0,4.1,1.9,0.1,5.0,
3
skyline 3
idx:0 13.3,3.9,1.2,3.2,26.2,
idx:0 10.8,4.5,1.0,3.4,24.8,
idx:0 4.3,1.2,1.3,0.5,9.3,
idx:0 3.4,0.9,1.4,0.3,9.5,
idx:0 3.1,2.8,1.4,0.5,14.8,
idx:0 3.0,4.7,0.8,0.1,10.9,
6
skyline 4
idx:0 7.6,1.6,0.7,0.6,14.8,
idx:0 7.3,0.7,0.4,0.9,11.1,
idx:0 7.0,1.3,0.4,0.1,16.4,
idx:0 5.6,1.4,1.0,0.8,13.9,
idx:0 4.4,0.8,0.7,1.3,6.1,
idx:0 4.2,4.5,0.9,0.3,14.5,
idx:0 2.4,0.4,0.9,0.9,3.7,
7
skyline 5
idx:0 4.1,1.1,0.4,0.1,5.5,
idx:0 4.0,0.0,0.4,0.4,3.4,
idx:0 3.0,0.8,0.3,0.3,2.9,
idx:0 2.4,1.1,0.9,0.1,6.9,
idx:0 2.3,1.8,0.5,0.3,6.0,
idx:0 2.3,1.0,0.5,0.5,3.5,
idx:0 1.9,1.9,0.4,0.1,8.8,
idx:0 1.9,0.3,0.6,0.3,2.5,
idx:0 1.5,0.0,0.0,1.0,1.5,
idx:0 1.1,2.2,0.2,0.0,6.2,
idx:0 1.1,0.9,0.7,0.5,5.3,
11
skyline 6
idx:0 1.9,1.1,0.6,0.1,6.3,
idx:0 1.9,0.5,0.2,0.1,7.1,
idx:0 1.5,0.5,0.3,0.3,0.3,
idx:0 0.7,0.0,0.2,0.2,0.7,
4
skyline 7
idx:0 1.8,0.3,0.2,0.1,4.4,
idx:0 1.6,0.1,0.3,0.0,2.7,
idx:0 1.3,0.4,0.0,0.0,2.6,
idx:0 1.0,0.6,0.2,0.0,1.8,
idx:0 0.7,0.7,0.3,0.0,1.7,
5
skyline 8
idx:0 0.8,0.2,0.0,0.0,0.6,
idx:0 0.5,0.0,0.0,0.0,0.7,
idx:0 0.5,0.3,0.0,0.0,1.7,
idx:0 0.2,0.0,0.1,0.1,0.7,
4
skyline 9
idx:0 0.5,0.0,0.0,0.0,1.5,
1
first k skylines point set size :49
Sk:49
预处理之后剩余的点数：37
预处理得到的group数目：144535
大小为1的candidate group数37
大小为2的candidate group数640
大小为3的candidate group数7185
152173
time : 175019

please input k : 
5
please input the filename:
nba
49
skyline 1
idx:0 17.6,1.8,1.0,1.5,24.8,
idx:0 16.9,5.0,1.5,4.1,27.7,
idx:0 14.3,6.3,2.6,0.7,29.8,
idx:0 14.1,2.2,1.1,2.1,34.5,
idx:0 11.0,5.0,2.5,1.9,29.3,
idx:0 10.9,5.5,2.2,1.9,27.9,
idx:0 10.7,5.2,2.3,2.4,27.4,
idx:0 6.6,6.8,1.6,0.9,8.8,
8
skyline 2
idx:0 14.5,4.8,1.4,3.5,27.0,
idx:0 13.2,5.0,1.0,2.5,18.9,
idx:0 2.0,4.1,1.9,0.1,5.0,
3
skyline 3
idx:0 13.3,3.9,1.2,3.2,26.2,
idx:0 10.8,4.5,1.0,3.4,24.8,
idx:0 4.3,1.2,1.3,0.5,9.3,
idx:0 3.4,0.9,1.4,0.3,9.5,
idx:0 3.1,2.8,1.4,0.5,14.8,
idx:0 3.0,4.7,0.8,0.1,10.9,
6
skyline 4
idx:0 7.6,1.6,0.7,0.6,14.8,
idx:0 7.3,0.7,0.4,0.9,11.1,
idx:0 7.0,1.3,0.4,0.1,16.4,
idx:0 5.6,1.4,1.0,0.8,13.9,
idx:0 4.4,0.8,0.7,1.3,6.1,
idx:0 4.2,4.5,0.9,0.3,14.5,
idx:0 2.4,0.4,0.9,0.9,3.7,
7
skyline 5
idx:0 4.1,1.1,0.4,0.1,5.5,
idx:0 4.0,0.0,0.4,0.4,3.4,
idx:0 3.0,0.8,0.3,0.3,2.9,
idx:0 2.4,1.1,0.9,0.1,6.9,
idx:0 2.3,1.8,0.5,0.3,6.0,
idx:0 2.3,1.0,0.5,0.5,3.5,
idx:0 1.9,1.9,0.4,0.1,8.8,
idx:0 1.9,0.3,0.6,0.3,2.5,
idx:0 1.5,0.0,0.0,1.0,1.5,
idx:0 1.1,2.2,0.2,0.0,6.2,
idx:0 1.1,0.9,0.7,0.5,5.3,
11
skyline 6
idx:0 1.9,1.1,0.6,0.1,6.3,
idx:0 1.9,0.5,0.2,0.1,7.1,
idx:0 1.5,0.5,0.3,0.3,0.3,
idx:0 0.7,0.0,0.2,0.2,0.7,
4
skyline 7
idx:0 1.8,0.3,0.2,0.1,4.4,
idx:0 1.6,0.1,0.3,0.0,2.7,
idx:0 1.3,0.4,0.0,0.0,2.6,
idx:0 1.0,0.6,0.2,0.0,1.8,
idx:0 0.7,0.7,0.3,0.0,1.7,
5
skyline 8
idx:0 0.8,0.2,0.0,0.0,0.6,
idx:0 0.5,0.0,0.0,0.0,0.7,
idx:0 0.5,0.3,0.0,0.0,1.7,
idx:0 0.2,0.0,0.1,0.1,0.7,
4
skyline 9
idx:0 0.5,0.0,0.0,0.0,1.5,
1
first k skylines point set size :49
Sk:49
预处理之后剩余的点数：36
预处理得到的group数目：1529682
大小为1的candidate group数36
大小为2的candidate group数615
大小为3的candidate group数6675
大小为4的candidate group数51910
1587223
time : 909322

please input k : 
6
please input the filename:
nba
49
skyline 1
idx:0 17.6,1.8,1.0,1.5,24.8,
idx:0 16.9,5.0,1.5,4.1,27.7,
idx:0 14.3,6.3,2.6,0.7,29.8,
idx:0 14.1,2.2,1.1,2.1,34.5,
idx:0 11.0,5.0,2.5,1.9,29.3,
idx:0 10.9,5.5,2.2,1.9,27.9,
idx:0 10.7,5.2,2.3,2.4,27.4,
idx:0 6.6,6.8,1.6,0.9,8.8,
8
skyline 2
idx:0 14.5,4.8,1.4,3.5,27.0,
idx:0 13.2,5.0,1.0,2.5,18.9,
idx:0 2.0,4.1,1.9,0.1,5.0,
3
skyline 3
idx:0 13.3,3.9,1.2,3.2,26.2,
idx:0 10.8,4.5,1.0,3.4,24.8,
idx:0 4.3,1.2,1.3,0.5,9.3,
idx:0 3.4,0.9,1.4,0.3,9.5,
idx:0 3.1,2.8,1.4,0.5,14.8,
idx:0 3.0,4.7,0.8,0.1,10.9,
6
skyline 4
idx:0 7.6,1.6,0.7,0.6,14.8,
idx:0 7.3,0.7,0.4,0.9,11.1,
idx:0 7.0,1.3,0.4,0.1,16.4,
idx:0 5.6,1.4,1.0,0.8,13.9,
idx:0 4.4,0.8,0.7,1.3,6.1,
idx:0 4.2,4.5,0.9,0.3,14.5,
idx:0 2.4,0.4,0.9,0.9,3.7,
7
skyline 5
idx:0 4.1,1.1,0.4,0.1,5.5,
idx:0 4.0,0.0,0.4,0.4,3.4,
idx:0 3.0,0.8,0.3,0.3,2.9,
idx:0 2.4,1.1,0.9,0.1,6.9,
idx:0 2.3,1.8,0.5,0.3,6.0,
idx:0 2.3,1.0,0.5,0.5,3.5,
idx:0 1.9,1.9,0.4,0.1,8.8,
idx:0 1.9,0.3,0.6,0.3,2.5,
idx:0 1.5,0.0,0.0,1.0,1.5,
idx:0 1.1,2.2,0.2,0.0,6.2,
idx:0 1.1,0.9,0.7,0.5,5.3,
11
skyline 6
idx:0 1.9,1.1,0.6,0.1,6.3,
idx:0 1.9,0.5,0.2,0.1,7.1,
idx:0 1.5,0.5,0.3,0.3,0.3,
idx:0 0.7,0.0,0.2,0.2,0.7,
4
skyline 7
idx:0 1.8,0.3,0.2,0.1,4.4,
idx:0 1.6,0.1,0.3,0.0,2.7,
idx:0 1.3,0.4,0.0,0.0,2.6,
idx:0 1.0,0.6,0.2,0.0,1.8,
idx:0 0.7,0.7,0.3,0.0,1.7,
5
skyline 8
idx:0 0.8,0.2,0.0,0.0,0.6,
idx:0 0.5,0.0,0.0,0.0,0.7,
idx:0 0.5,0.3,0.0,0.0,1.7,
idx:0 0.2,0.0,0.1,0.1,0.7,
4
skyline 9
idx:0 0.5,0.0,0.0,0.0,1.5,
1
first k skylines point set size :49
Sk:49
预处理之后剩余的点数：36
预处理得到的group数目：12036024
大小为1的candidate group数36
大小为2的candidate group数581
大小为3的candidate group数5857
大小为4的candidate group数42210
大小为5的candidate group数233591
12911142
time : 3336220

