-3.3868 -1.7813 0.7687 1.0868 -0.8296 0.5857
-115.7658 0.7087 0.4140 0.8117 1.4071 -0.0484
61.6923 0.0073 -0.0715 -0.7984 -0.3317 -1.1807
-14.1048 -1.1958 1.0765 0.2450 0.6182 -0.2457
-76.4309 0.4585 0.6752 -0.1181 -0.7580 1.0494
-43.3143 -1.4284 0.9968 1.2692 -0.1700 0.3277
-9.3383 0.0390 -0.0979 0.4724 -1.3080 1.2754
-13.0447 -0.0407 0.9080 -0.7515 -0.2975 0.2108
-270.0388 -0.3367 1.9654 2.8146 0.1120 -1.2127
-79.6776 -0.1767 0.4015 1.3407 0.7741 -0.9384
89.1662 -1.2319 0.0662 -0.1481 0.3616 0.7360
194.5812 -1.3935 -1.0409 -0.5428 1.4252 -1.1219
-122.9977 -0.8108 2.0516 0.7398 2.0967 1.2448
166.1725 0.0753 -1.3464 -1.0423 -0.0501 0.5889
-123.2334 0.6026 0.9702 0.3513 -0.2877 -1.3111
-46.7767 0.9224 0.3335 -0.6651 0.1708 -0.9052
-77.8465 1.2949 -0.6012 0.5497 2.1214 -0.5525
-97.7302 0.0263 1.3783 -0.0610 2.2111 -0.2881
-13.3299 0.8761 -1.1642 0.6287 -0.1958 -1.2517
-74.5631 1.0217 -0.3983 0.6022 -1.5527 1.3317
14.3212 -1.4786 1.8297 -1.1084 2.0818 -0.3436
38.1427 -0.7201 0.3064 -0.1282 0.4562 0.6199
-38.4036 1.0440 -0.8875 0.8286 1.8818 1.1123
-43.5074 -0.5342 0.0416 1.2843 -0.7297 0.3731
-59.2850 0.5852 -0.9244 1.3374 -0.5717 0.9664
-10.1591 1.0025 -0.9778 0.2398 -0.6242 -1.2304
63.0781 -0.8807 -0.1324 -0.1396 0.7224 -0.7374
61.2830 0.6870 -0.4242 -1.2822 0.2607 0.9070
-38.8272 -0.1034 0.5000 0.3135 0.8842 -0.7988
118.6928 -0.5679 -0.3665 -1.2071 -0.2871 -0.8453
197.3677 -1.9264 0.2185 -1.5997 -0.9435 1.9747
-19.6841 -0.0577 0.7415 -0.3980 -1.2512 -0.1340
184.9718 -0.4633 -1.7949 -0.2380 0.4598 0.9551
-74.5015 -0.9202 2.2517 -0.5172 -1.1796 -0.0568
-64.2090 0.2024 -0.1615 0.8910 1.8688 1.9569
-58.7003 -0.6151 0.1381 1.4061 -1.6797 0.2775
-139.0336 1.7046 -0.1054 0.6201 -0.3076 0.4961
94.5723 0.7334 -2.0414 -0.0892 0.5195 0.0652
-95.8392 0.6027 0.4689 0.7350 0.8530 -0.4646
40.9849 -1.0236 0.1339 0.4057 1.1104 1.3708
-107.8180 0.4005 -0.0088 1.6521 -0.8321 -1.8706
67.6574 0.3775 -0.2066 -1.1899 -0.1784 -0.7943
81.2006 -0.8743 0.7520 -1.2674 -1.5393 -0.0733
-53.0292 1.4031 -1.5305 1.3315 1.4063 -0.7045
-1.7683 0.8384 0.0519 -1.1075 -0.0541 0.0610
21.5890 -0.3756 -0.3771 0.6890 -0.7108 2.5154
185.8557 -1.3674 -2.3628 1.1815 0.6839 -1.1389
172.4579 -1.8097 0.1300 -1.2604 0.0184 0.8130
-78.4212 0.4112 2.0298 -1.5405 2.6034 0.7642
118.4770 -0.8440 -0.4139 -0.4493 1.8478 -0.3543