16.7432 -0.0334
147.5383 -1.6528
-27.3171 0.2959
92.4541 -0.8753
17.4919 -0.2171
213.5205 -2.2735
-118.5924 1.4378
-43.4974 0.4910
-162.9958 1.7976
-4.3439 0.3283
-132.1683 1.4297
-157.5852 1.7607
-41.7094 0.4636
-192.3508 2.2528
9.5249 -0.1371
123.9880 -1.7571
-51.1884 0.5340
-59.5207 0.6549
3.5052 -0.0022
-85.3930 0.9189
2.4048 -0.1249
0.7111 -0.0782
-153.3055 1.6974
36.2767 -0.5872
214.6848 -2.4279
-106.6719 1.1040
-46.6467 0.4439
-68.6789 0.8046
9.0831 -0.1124
96.9600 -1.0093
-8.1318 0.0594
210.5354 -2.3646
-69.9212 0.5403
82.2622 -0.9855
-16.8973 0.2374
152.7078 -1.6592
14.2819 -0.1338
-135.4622 1.4689
168.1509 -1.7728
-68.4175 0.7434
9.3946 -0.0735
-8.4434 0.0830
75.3513 -0.9286
146.3825 -1.7772
-164.8201 1.7033
5.7088 -0.2362
-6.0774 0.2835
62.9019 -0.5513
4.4403 -0.1034
-45.1691 0.5604