-15.3761 -0.0461
35.5396 0.3882
-158.8797 -1.7406
177.3458 2.4600
-12.0203 -0.0730
14.7301 0.1904
-67.1693 -0.7335
-118.8774 -1.2371
25.9038 0.4459
15.3332 0.2296
168.3033 2.0206
94.0239 1.2421
30.5480 0.2507
49.5068 0.2621
39.7033 0.5675
55.2682 0.6336
4.7649 0.1063
-152.7094 -1.7780
37.8634 0.4744
45.2445 0.5876
-34.0967 -0.4390
4.1551 0.0521
137.4805 1.7267
-61.8486 -0.6509
96.8842 1.2298
22.8764 0.1147
-9.3675 -0.0415
-26.5416 -0.2375
-16.5896 -0.1762
-103.3611 -1.4173
-51.1383 -0.7065
23.6864 0.4595
-30.5747 -0.3041
109.1247 1.2003
90.3620 1.0242
-52.5888 -0.3784
-6.6481 -0.1045
30.9472 0.4687
-178.1163 -2.2213
-123.7507 -1.6695
109.3010 1.4615
-54.6167 -0.6809
89.8006 0.9621
-44.5755 -0.4475
152.5149 1.6638
68.8244 0.9922
0.1438 0.0494
75.8089 0.8127
28.0104 0.2069
-75.3255 -0.7790
-111.9482 -1.5395
1.3850 -0.1266
-75.5450 -0.9068
-101.7329 -1.1164
-73.3910 -0.7888
131.4927 1.5483
59.5049 0.6398
147.5085 1.8502
9.3954 0.1026
-74.5825 -0.9637
-119.9361 -1.5158
10.3066 0.1392
23.0877 0.1485
-55.6568 -0.6078
113.2193 1.3378
97.5572 1.1679
-145.3121 -1.9820
46.9154 0.7049
-78.3284 -0.8789
10.6447 0.1253
34.5307 0.3773
-22.9766 -0.2606
78.3253 0.9219
-83.3910 -1.1418
-82.1098 -1.0624
-108.6636 -1.5398
-82.6818 -1.0417
50.6382 0.7552
-72.3992 -1.0845
185.0953 2.2550
-21.6830 -0.1686
28.4861 0.4731
-142.5247 -1.7989
178.9034 2.3394
-17.4744 -0.1647
8.8812 0.0521
-55.5677 -0.7409
49.9419 0.7704
40.2470 0.6396
17.6069 0.3295
-3.8530 -0.0495
-171.5605 -1.8960
-52.9665 -0.7259
50.4866 0.4667
133.1842 1.6490
-37.5984 -0.3945
6.9479 0.0180
61.3478 0.6988
-14.6969 -0.1362
-43.1031 -0.5067
-73.8458 -0.7601
76.1365 0.9910
77.5163 0.7773
55.6601 0.6922
-14.9520 0.0751
-82.3721 -1.1708
-25.3085 -0.4212
102.6141 1.1723
-46.8279 -0.4879
-168.2402 -2.1971
85.7269 0.8991
86.2589 0.9039
-91.5612 -0.9895
-160.2892 -1.8798
117.8670 1.3914
-137.5228 -1.8239
65.4567 0.8421
48.9916 0.6745
-220.0621 -2.4019
26.4648 0.2633
20.5212 0.2471
85.8725 1.2015
-77.8430 -0.7829
40.1147 0.4085
-43.6947 -0.6150
-24.1482 -0.4548
-28.3095 -0.4703
25.2899 0.1951
-60.5879 -0.7938
-63.5004 -0.7533
-52.7895 -0.5732
-28.5718 -0.2190
-17.8178 -0.2844
-12.9385 0.0536
-64.9816 -0.7716
85.7158 0.9170
-73.6264 -1.0287
64.6030 0.7105
84.3683 1.0754
30.1646 0.3799
-65.6897 -0.6175
51.0768 0.6611
20.9057 0.0465
-37.1439 -0.3833
6.0954 -0.0029
27.5151 0.3161
8.8951 0.1005
97.1771 1.3572
149.1573 1.5207
-179.4805 -2.1576
-56.5560 -0.6291
46.7258 0.4965
-3.7098 -0.0462
61.5505 0.6642
197.0175 2.4649
22.6458 0.3758
53.7378 0.6630
54.0573 0.7183
5.2253 0.0931
3.2699 0.0412
6.4444 0.1198
-106.4467 -1.1825
-147.6960 -1.7983
123.9223 1.3782
-50.2390 -0.6162
-95.5325 -1.3083
4.1757 0.2830
118.0078 1.5067
21.7591 0.2442
-58.1528 -0.8116
146.1529 1.8504
155.4789 2.0404
113.1132 1.4340
-2.9577 -0.1210
32.2637 0.3802
-3.5104 0.0271
35.1928 0.4884
-65.3607 -0.6369
29.3816 0.5406
-2.5482 -0.0843
-2.2390 -0.0618
91.2019 1.1946
-48.5528 -0.8021
16.1016 0.2764
-32.6244 -0.4371
40.5054 0.4812
3.2695 -0.0412
-21.3792 -0.2361
-59.1315 -0.7863
-113.0284 -1.3296
-75.3980 -0.9950
9.4943 0.1221
16.3840 0.1701
16.1605 0.0563
27.4703 0.1742
-87.9315 -1.0348
-19.9141 -0.2008
-125.7624 -1.5852
45.7023 0.3370
-108.8144 -1.2977
60.2227 0.6850
19.6074 0.1665
-34.2165 -0.3617
50.4563 0.5031
69.1279 0.7620
-98.0928 -1.0805
-10.3691 -0.0016
-29.8101 -0.5552
78.9400 0.9730
-64.7041 -0.8997
-152.3720 -1.8205
6.6937 -0.0475
11.2121 0.0532
50.3185 0.7201
-102.4979 -1.3562
-111.9655 -1.2887
-127.0610 -1.5348
-112.6141 -1.3003
-32.4945 -0.0788
81.6739 1.0365
-117.2531 -1.3082
63.9614 0.5845
-54.8501 -0.7801
-38.9299 -0.6240
50.3935 0.6103
-57.1641 -0.6655
-6.0874 -0.1226
-55.7719 -0.8881
18.8507 0.3021
141.3678 1.8489
21.0597 0.4639
48.3537 0.5407
-114.0564 -1.3324
-135.3620 -1.4271
-126.5306 -1.4670
-23.3163 -0.1505
21.9585 0.5240
-20.1497 -0.2787
-107.7421 -1.3715
122.7199 1.5482
-81.4362 -0.8756
-95.4494 -1.1970
-62.7625 -0.7321
47.6428 0.5373
-34.7890 -0.5083
64.5201 0.6530
19.9411 0.1676
-107.5862 -1.2776
0.0818 0.0224
-42.3416 -0.4935
78.0371 1.0001
44.4338 0.6000
-74.0050 -0.9292
1.6989 0.0613
-156.8334 -1.9067
-25.2624 -0.2706
50.2729 0.6635
47.3241 0.5353
82.6725 0.9603
16.3620 0.1251
-123.0618 -1.6154
-226.8731 -2.9382
52.3980 0.5070
26.3030 0.3422
-263.6947 -3.2493
74.4375 0.8087
-87.5006 -1.2151
-47.0247 -0.5125
50.0217 0.4656
74.6906 1.0641
14.4237 0.2629
-62.7404 -0.9251
61.7312 0.7734
95.5228 1.1302
48.0417 0.4744
98.4572 1.0922
-133.1989 -1.6458
46.6111 0.8382
90.3029 1.1760
122.7196 1.5094
-4.4168 0.1003
-32.2963 -0.3813
38.1503 0.3805
-18.0733 -0.0602
69.6514 0.7868
-65.4382 -0.7337
-25.0571 -0.3561
-52.1057 -0.8692
61.8501 0.8489
37.0486 0.5002
148.2351 1.6342
72.1134 1.0299
39.7577 0.3395
194.6781 2.3947
9.6639 0.1159
-42.7096 -0.5607
-35.3094 -0.3569
54.0934 0.7264
54.3102 0.5940
-48.9968 -0.6468
-11.6274 -0.2030
21.6024 0.1243
176.4155 2.0468
7.8423 0.0011
-160.7356 -1.8573
34.5878 0.4115
74.7097 0.9901
110.7383 1.2315
56.0296 0.5713
-190.6128 -2.3217
-44.8393 -0.3213
-141.5895 -1.6476
110.2608 1.3338
47.0037 0.4133
-97.6996 -1.0712
11.4962 0.1509
32.3267 0.4094
-73.4134 -0.8875
212.0007 2.5022
124.5315 1.4636
-130.2848 -1.6742
-24.4555 -0.2857
12.5107 0.2066
-30.3200 -0.2224
-28.9694 -0.2933
66.9423 0.9306
-101.7385 -1.1574
-85.8366 -0.9274
-31.5623 -0.2701
57.2591 0.7095
196.8589 2.4874
-12.2906 -0.1835
-123.8580 -1.4194
67.6409 0.7916
-145.1992 -1.9727
-76.5508 -1.0331
-153.2298 -1.9070
-6.3685 -0.1018
-143.3685 -1.6401
115.8681 1.2299
18.0216 0.1463
32.8966 0.3078
-43.2866 -0.6132
94.4256 1.0492
3.7106 0.1172
158.1508 1.9320
-82.0631 -1.0132
-239.4067 -2.9628
-16.9814 -0.3364
-194.8774 -2.3958
-10.2516 -0.2855
-126.9129 -1.4610
-85.1794 -0.9374
123.2555 1.2786
-6.6061 0.0976
53.4474 0.6890
-12.7770 -0.1036
90.9467 1.1567
167.4021 1.9769
-139.6598 -1.7225
90.2535 1.1832
-43.4834 -0.7617
-41.8732 -0.5374
92.9290 1.0064
-37.8493 -0.4948
-26.1600 -0.3223
136.5940 1.6348
-25.9520 -0.2602
-182.1330 -2.1461
195.6623 2.3697
-9.0635 0.2606
3.3466 -0.0252
-8.5875 -0.1121
61.4741 0.8712
99.4024 1.1459
-50.7644 -0.8798
-73.9375 -0.9895
-28.5753 -0.2834
46.9045 0.2595
-134.3796 -1.5532
-175.5798 -2.1964
-107.2162 -1.2038
50.2752 0.2926
192.3951 2.2438
-226.3020 -2.9441
8.5659 -0.0830
-6.1630 0.1328
100.1480 1.3811
16.5045 0.1447
107.4874 1.3038
64.8127 0.8745
179.8726 2.2334
-75.6096 -0.9063
45.3372 0.6176
-58.0908 -0.6913
-93.3864 -1.1916
-40.3304 -0.3607
-4.0965 0.0042
-144.0271 -1.8076
20.1694 0.5016
41.0141 0.4200
-140.4653 -1.8039
100.3963 1.2777
-81.2780 -1.0875
-109.4732 -1.4132
28.7282 0.3618
-118.8428 -1.5259
-57.4766 -0.6676
-53.0258 -0.7952
10.3023 0.1231
178.1769 2.2675
-31.9658 -0.4555
-119.6618 -1.5374
28.5370 0.6259
30.1769 0.3687
-28.6802 -0.4542
-61.7171 -0.6903
13.8732 0.1149
7.7617 0.0190
142.5833 1.6469
5.3384 0.1470
-72.5515 -0.9819
-120.8062 -1.4339
-74.1575 -0.8519
-36.1987 -0.1379
-51.3297 -0.4541
97.7100 1.3910
148.6341 1.8286
-100.0985 -1.0186
-123.4606 -1.4335
-80.4754 -0.9036
-41.1799 -0.5086
-199.9315 -2.4755
-12.8139 0.0483
-17.8262 -0.1659
74.6416 1.0062
32.3099 0.6450
-24.2399 -0.0216
90.5768 0.9408
81.3838 1.1278
20.3774 0.2012
-120.1396 -1.5244
65.5563 0.7179
-80.3133 -0.9211
67.4122 0.8263
-43.4366 -0.6981
29.6402 0.4490
195.1742 2.3343
17.3187 0.2107
-81.9910 -0.7781
92.3984 1.0953
-146.3069 -1.7264
-30.2758 -0.3013
39.6944 0.5235
-47.8479 -0.6809
-80.8846 -0.6310
88.1406 1.1317
-76.0361 -1.0458
48.2684 0.5572
-3.8330 -0.1257
-50.3140 -0.6409
-124.8599 -1.3312
-0.1588 0.0033
40.5021 0.7049
19.5095 0.2557
-82.9825 -1.0309
23.7457 0.3069
-6.4973 0.0220
-65.7597 -0.6867
-62.2791 -0.9627
-48.7656 -0.5229
-113.3310 -1.2923
-71.8537 -0.9105
6.8644 0.1889
-25.7405 -0.1386
-54.5469 -0.7056
-121.5986 -1.4347
-16.2177 -0.3236
-94.8171 -1.2143
-273.2255 -3.2889
-55.5141 -0.7505
-55.1458 -0.6206
141.9214 1.6215
-20.9372 -0.2017
-60.9887 -1.0370
-3.1228 0.0612
56.3418 0.6766
-97.7568 -1.0142
-83.1683 -1.0991
97.4022 1.1629
15.2101 0.1955
-29.8744 -0.4798
-117.9184 -1.4438
118.6953 1.3519
19.1127 0.4229
80.5326 0.9679
131.0041 1.4264
3.0641 0.1161
-56.2342 -0.7080
62.3894 0.9597