64.3146 -0.5614 1.5697 -0.6560 -0.0446 0.9206
184.5420 1.0046 2.4016 -0.2468 -1.2756 -0.7359
194.1720 1.7376 -0.1899 2.0797 1.5135 1.1715
-239.3507 -1.6957 0.1076 0.3271 -2.3580 -0.8623
-9.3175 0.3588 -0.5820 0.6404 0.4001 0.4260
80.5525 1.1758 -0.7121 -1.4150 0.8153 1.9627
-37.8562 -0.1098 -0.5139 -0.8601 0.3525 0.7137
14.1899 0.7859 -1.5578 0.0990 1.1186 0.0864
-67.1019 0.3878 -0.9564 -0.5055 -0.3276 1.8069
-99.3424 0.0566 -0.9056 -0.6067 -0.6789 -1.2229
-46.4236 -0.0766 -0.7363 1.2173 0.2362 -1.3103
-116.7139 -0.8703 -1.2620 0.6690 0.7413 -0.7336
139.7457 1.2628 1.0858 -1.3455 -0.3851 -1.4735
-53.4405 0.5633 -0.9879 0.1639 -0.6875 0.1496
-208.3225 -0.9664 -1.4504 -0.2821 -0.4966 0.3269
-98.1097 -0.9194 -0.4955 0.8231 0.2096 1.0533
112.6023 0.6868 -0.0441 -1.1086 1.0881 -0.5789
69.5108 0.2225 0.5396 0.0303 0.1752 -0.4888
-92.2646 -0.4114 -0.6945 0.8601 -0.2304 0.7402
-131.9207 -0.2859 -1.4363 1.0278 -0.2464 -1.0763
-46.7640 -0.4569 0.0083 0.5965 0.0705 -0.7975
252.1324 0.6939 1.5683 0.9089 2.2008 -0.3154
39.1588 0.6654 -0.6240 0.9912 0.3838 -0.6316
110.1675 1.3035 0.1134 -1.1753 0.0258 0.1790
-175.8838 -2.0302 -0.1173 1.5170 -0.0681 -0.1471
-2.2907 -2.2258 2.7166 0.4233 -0.3117 1.1848
328.2469 2.0054 1.3585 0.3108 1.5853 0.1052
25.7660 0.9375 0.7171 -0.6718 -2.0476 -1.1461
-35.7532 0.1372 -0.7015 -0.0791 -0.1858 -0.2668
14.3053 -1.1447 0.8813 -0.1918 0.8904 -0.3517
-58.0726 -0.8690 0.0054 0.3067 0.2173 1.5508
76.3922 0.8178 0.1073 0.9442 0.0361 -0.1733
90.5136 0.9462 1.5498 -0.1832 -1.6711 -0.7371
45.3681 -1.0654 1.1624 0.9248 0.7610 -0.4816
141.5838 1.5637 1.3477 -1.6009 -1.2994 0.4424
-202.4632 -1.0192 -0.9058 0.3997 -1.2521 -0.2519
108.7930 0.3891 1.8029 -0.7610 -0.8524 -1.0391
73.9597 0.5064 0.0206 1.6579 0.9664 -0.9502
158.2051 1.2067 1.2007 -0.9808 -0.0226 -1.0888
-108.5233 -0.7034 -0.0543 -0.0875 -1.0546 0.0695
204.8875 1.5528 0.8407 1.5078 0.8917 0.9221
-55.8781 -0.9210 0.2256 1.1091 0.1342 -0.4843
3.8704 0.5228 -0.1975 -1.3488 -0.6958 1.0096
-133.2650 -0.0599 -0.4159 -0.7422 -1.9195 -1.7939
-163.5174 1.3193 -1.3264 0.4804 -3.5647 -1.3290
-155.8789 -1.2070 -1.0508 -1.7563 -0.0642 1.6047
-34.3654 -1.9984 1.3825 -0.1315 0.7472 -0.5808
-234.6685 -2.0805 -0.7559 0.2658 -0.1987 -1.4827
-117.9601 -0.9094 -0.1142 -1.5614 -0.8866 0.0872
-180.8574 -0.4610 -2.0575 -1.2180 -0.0471 0.8144