-15.3761 -0.0461
35.5396 0.3882
-158.8797 -1.7406
177.3458 2.4600
-12.0203 -0.0730
14.7301 0.1904
-67.1693 -0.7335
-118.8774 -1.2371
25.9038 0.4459
15.3332 0.2296
168.3033 2.0206
94.0239 1.2421
30.5480 0.2507
49.5068 0.2621
39.7033 0.5675
55.2682 0.6336
4.7649 0.1063
-152.7094 -1.7780
37.8634 0.4744
45.2445 0.5876
-34.0967 -0.4390
4.1551 0.0521
137.4805 1.7267
-61.8486 -0.6509
96.8842 1.2298
22.8764 0.1147
-9.3675 -0.0415
-26.5416 -0.2375
-16.5896 -0.1762
-103.3611 -1.4173
-51.1383 -0.7065
23.6864 0.4595
-30.5747 -0.3041
109.1247 1.2003
90.3620 1.0242
-52.5888 -0.3784
-6.6481 -0.1045
30.9472 0.4687
-178.1163 -2.2213
-123.7507 -1.6695
109.3010 1.4615
-54.6167 -0.6809
89.8006 0.9621
-44.5755 -0.4475
152.5149 1.6638
68.8244 0.9922
0.1438 0.0494
75.8089 0.8127
28.0104 0.2069
-75.3255 -0.7790