-4.1497 -1.4145
194.5403 -0.3300
-2.1431 -1.6682
-124.3789 -0.2474
-196.2869 -0.1075
-47.6978 1.6401
194.6012 -1.9711
145.3126 -1.2738
-177.9577 0.0272
-50.9549 -1.6836
-9.6185 -1.6381
-101.2951 1.3538
-51.8988 -0.4072
47.0925 -0.0044
138.1361 1.7887
-120.6314 1.9061
45.4812 -1.8061
153.1512 0.4414
36.4643 0.6065
-22.9651 0.8408
12.0618 0.2338
-27.6529 1.0192
159.0223 -1.7566
173.0940 -1.2961
-9.5431 1.9616
20.9527 -1.8716
87.0833 -0.7306
-79.3517 1.4867
-144.9807 1.6886
127.3206 1.4215
65.2749 -1.8448
-187.1806 0.7975
-198.5679 0.6200
138.1470 -0.0424
-59.9697 -1.2244
46.7169 -0.1480
-151.0214 -1.5969
-157.4623 -0.7248
100.2776 1.7206
139.1465 -1.6374
-182.6401 -1.7864
-41.4725 0.6991
-164.7591 1.7003
-137.0221 0.7122
-118.2558 0.5181
-82.7298 -0.2844
-197.9214 0.5164
113.6927 -1.7406
86.5130 1.7807
107.2792 -0.6915