36.7265 2.8950 -1.9627 2.2716 0.9917 -2.0791 -2.2140 -3.7172
-336.8339 1.6817 -2.2916 3.3894 1.7912 -3.3394 -1.9660 3.4631
247.4744 0.2044 2.7482 0.2706 -1.6460 -2.9089 -1.1728 0.2585
127.7361 -0.3324 -0.2716 -3.7625 -0.6678 3.2157 0.6731 0.7550
-51.4572 2.5079 3.7353 0.5312 -0.7645 -1.5960 1.5939 -1.8036
-192.1224 -0.0748 2.5682 0.4892 -2.1008 0.3627 -0.5819 -0.0492
45.5878 1.2144 0.9219 2.6989 2.3236 1.9639 -2.4581 2.9662
-340.6403 2.9520 -0.7509 -1.8935 3.3866 2.5709 3.8765 -2.3415
47.6809 -2.8765 3.3434 -3.8387 2.1646 -1.7347 3.8761 -1.5950
50.6935 2.6168 -1.7029 -2.1737 3.3455 3.7347 -3.4118 3.6178
58.8058 2.6013 -3.9679 2.8243 -1.7182 -1.3697 -2.7520 -0.6404
232.5622 -0.3777 -3.4385 -3.2100 3.7969 0.1676 -2.1489 0.2577
-240.7207 2.2592 -3.4873 -3.7923 -0.3140 3.4365 -0.2177 0.9347
164.4589 0.4378 0.7091 -1.7507 -3.0185 1.7571 1.7896 2.8760
-185.6723 -3.5148 -0.7756 -3.7837 -1.6986 -3.6903 3.4888 -0.5567
-161.0145 -1.3245 0.1349 2.4388 2.8038 1.4494 1.8314 -3.8327
-188.2110 3.2512 0.4166 3.4157 -3.0891 -2.9513 -0.7228 -3.7592
-77.4515 -0.5991 -1.7836 1.9049 -3.5618 -2.1733 0.4111 -3.8494
-30.2315 -0.9784 1.3742 3.9624 -1.7126 -3.9498 -3.7082 -3.8912
-192.6552 -2.3601 -0.1122 -1.1478 2.6712 -0.7199 2.5983 3.4721
-341.4770 -1.2702 1.0107 0.6880 3.3575 -2.0703 3.1511 1.7648
-169.3114 -3.1163 2.8157 2.4736 0.4877 1.0345 0.2289 2.0600
105.6437 1.8655 3.6577 3.4156 -1.9214 2.4058 0.8006 3.4136
-256.8221 3.1765 2.0357 0.3130 -3.8063 -3.3290 1.5449 -3.5031
-185.5907 -2.4067 0.5915 -0.5019 -2.5232 -1.1049 2.1435 0.2366
238.0242 0.0301 -3.3278 -0.4683 -1.9179 0.4802 0.7893 -0.0210
-58.4780 -3.6880 -1.0029 -3.4036 3.6052 -3.6052 -1.8407 -1.1785
-399.2444 -0.3511 1.0309 3.0266 -3.7074 -1.4061 -1.8447 -2.9726
-119.2437 -3.6537 2.3360 0.1777 3.3206 -0.4572 1.4172 -2.0452
-243.4189 -3.1540 1.4745 -3.0844 -0.6156 1.4256 -3.3404 2.3782
-177.4949 2.7378 1.7548 -1.7047 0.0392 3.0400 1.5995 -1.9947
259.5128 -2.2055 -2.1157 1.7039 -2.0053 -1.9133 -2.0473 -1.7092
7.0354 3.3150 -1.6196 -0.6606 2.6369 3.5804 0.8005 1.1922
358.5759 -3.1144 2.7169 -2.7266 1.6787 -2.3203 3.9721 0.2264
46.3917 1.9107 3.6778 2.0556 2.2709 -1.0610 -2.1963 -2.1667
9.3387 2.6549 3.6573 0.3011 2.2195 2.4892 2.3260 1.2195
349.7228 -3.7282 -2.0520 2.2612 -1.0266 3.2954 0.3980 3.0432
193.9005 0.9159 -0.9979 1.4691 -1.1248 1.8782 0.5224 -1.7971
-327.2110 -0.1637 3.3767 0.1511 -1.9203 -2.0316 0.5843 0.2190
240.2731 -3.8786 1.9324 1.1469 3.2762 -3.1985 1.0226 -1.6310
-358.4091 -3.0289 2.1402 -0.5212 3.4480 -2.7894 -1.6221 -3.1521
-180.7761 1.8457 -1.0529 -2.3049 -2.6069 -0.4394 -3.7041 3.2626
344.3208 -2.6190 2.0953 -3.0882 0.7860 -2.2031 -2.5672 -0.1966
-151.9326 0.0633 3.1314 3.6475 -0.1379 -3.9712 -0.7743 2.4024
23.4190 -2.4794 -0.5947 -2.4100 -2.9666 -2.0130 -1.7568 -3.6364
149.3929 3.2066 -0.1502 0.4852 -1.0559 0.0729 -3.7819 -2.1805
96.3395 1.8343 -2.1600 0.4283 2.6648 -3.0688 -0.7727 -0.0022
214.1024 1.3813 3.2129 2.2002 3.2271 3.1277 0.1671 -2.1637
323.1484 -1.9962 0.5518 -0.0871 0.2506 1.8373 2.9905 -2.9695
292.6340 2.7134 1.5070 1.4727 -0.1483 1.6632 -1.7606 2.8463