128.6418 0.1140 -1.3398 2.3548 -2.3459 2.5190
7.3196 -0.4662 2.0828 1.3814 -1.9163 -0.3415
-235.5770 1.9536 0.5636 2.6390 2.8086 0.3667
22.4308 -2.8487 0.1808 -0.9473 -1.4602 -0.8598
-275.4731 -0.8129 -2.2040 0.5745 1.4005 0.1926
-136.9633 -1.9108 1.9752 -0.0240 -0.4755 -2.8608
-273.8582 2.9453 0.4889 0.1221 -2.4793 2.3737
-40.2867 -1.2846 0.1128 -2.0934 -1.3868 2.7970
-165.5183 1.0187 -0.1116 1.9230 1.4579 0.3757
233.4553 -1.4948 -0.0548 2.2017 0.1023 2.2833
-122.9109 -0.0814 0.3091 2.8151 1.7718 -2.8061
-247.7490 0.4103 -1.2337 0.2706 -1.6014 2.8141
131.8373 2.6694 -2.4634 -0.0705 -1.9416 0.2006
-236.9818 2.4607 1.7665 0.6074 -0.0016 -2.0261
86.3924 1.6411 0.8701 0.1389 -0.4823 0.7654
-186.2177 -1.2577 0.7412 1.3652 0.1343 -0.7974
197.2203 -0.8564 1.2631 1.4886 -0.6444 -1.2679
61.9043 -2.7105 0.7861 -2.5800 -0.3963 -1.1568
-164.4349 -0.4966 1.6728 2.1253 2.7636 -1.7476
290.2165 -0.0372 -2.5521 0.3810 -2.2917 -2.8252
-268.9854 -2.0063 2.9655 1.8061 -1.2128 -1.4992
-259.0332 0.3943 -0.3816 -0.6401 -2.8885 -0.7634
139.5041 2.6600 -1.4845 -2.5622 -1.9207 0.6523
164.5224 0.4732 -1.1878 -2.6432 -0.2442 0.2426
-11.5149 0.0692 -0.6497 1.8789 -2.7721 -1.2560
183.9015 -2.6196 0.7979 -2.3549 2.8234 2.8219
-157.7059 -1.4854 0.0078 -1.3561 -0.0181 0.0064
60.8403 2.2234 -0.0583 1.8785 2.7295 -2.8165
-223.9744 0.0649 -1.1364 -2.5638 0.8613 0.5061
-269.6551 -0.2183 1.5073 -0.6032 -2.2229 -1.7749
9.9821 -1.5006 1.9261 -2.9245 0.8745 1.4012
186.4891 -2.2291 1.8011 -1.6129 2.2634 -1.9733
-267.8490 1.5842 -1.7826 0.0399 -0.2862 0.0522
-194.3058 -2.1227 -0.8285 -0.4872 -0.5318 -2.3674
-260.4709 2.5739 1.6712 2.8648 -2.9871 -2.8834
59.3389 1.5659 2.6464 -0.4380 -1.6909 -0.2545
-249.7355 -1.7923 2.2159 2.8345 -2.1111 2.3383
222.4216 -2.1734 1.2990 -2.6974 -0.5491 2.7986
154.4381 -2.8198 -0.0705 -2.0291 -2.0334 -2.6905
-236.2722 0.8795 -2.8300 -0.8114 -1.6689 -2.7061
-191.9449 1.8078 1.5147 0.0884 2.2672 -1.6716
268.5300 2.1820 -1.8700 2.9079 -0.0195 1.5393
-118.2123 -2.4880 1.0521 2.7398 1.1610 -2.2696
-105.4700 -0.4810 -0.9900 -2.1654 0.7707 2.2790
-282.3128 0.4967 -1.8308 -2.7356 -0.0705 -2.4220
-129.1566 -0.5542 0.1514 -1.1970 -2.5355 0.4515
-198.6238 1.7077 -0.3598 1.5363 1.6290 2.7162
-170.2550 1.7709 1.5944 1.3830 2.7959 1.8956
134.3260 0.6454 1.7262 -2.1146 1.8002 1.1418
28.5650 -0.5983 1.8941 -1.7748 -1.3969 -1.5084