16.7432 -0.0334
147.5383 -1.6528
-27.3171 0.2959
92.4541 -0.8753
17.4919 -0.2171
213.5205 -2.2735
-118.5924 1.4378
-43.4974 0.4910
-162.9958 1.7976
-4.3439 0.3283
-132.1683 1.4297
-157.5852 1.7607
-41.7094 0.4636
-192.3508 2.2528
9.5249 -0.1371
123.9880 -1.7571
-51.1884 0.5340
-59.5207 0.6549
3.5052 -0.0022
-85.3930 0.9189
2.4048 -0.1249
0.7111 -0.0782
-153.3055 1.6974
36.2767 -0.5872
214.6848 -2.4279
-106.6719 1.1040
-46.6467 0.4439
-68.6789 0.8046
9.0831 -0.1124
96.9600 -1.0093
-8.1318 0.0594
210.5354 -2.3646
-69.9212 0.5403
82.2622 -0.9855
-16.8973 0.2374
152.7078 -1.6592
14.2819 -0.1338
-135.4622 1.4689
168.1509 -1.7728
-68.4175 0.7434
9.3946 -0.0735
-8.4434 0.0830
75.3513 -0.9286
146.3825 -1.7772
-164.8201 1.7033
5.7088 -0.2362
-6.0774 0.2835
62.9019 -0.5513
4.4403 -0.1034
-45.1691 0.5604
224.5957 -2.5926
59.6344 -0.6210
86.6655 -1.0483
15.9279 -0.1595
-14.2510 0.1799
-149.8482 1.7689
4.4699 0.0606
-14.7743 0.0847
-84.5795 1.1305
111.0012 -1.0856
-7.1130 0.2494
110.8018 -1.3344
23.4987 -0.2062
94.1638 -1.0108
169.2407 -1.8607
36.0742 -0.1999
-124.1496 1.3415
-42.2372 0.4205
63.5108 -0.7147
-90.4020 0.9532
24.6376 -0.1533
82.8816 -0.8032
27.1559 -0.2980
214.6011 -2.3881
86.8540 -0.9265
-35.8414 0.4992
-28.8198 0.0152
-23.7311 0.2834
-3.7631 0.0934
-70.0334 0.7178
-9.8630 0.0864
-41.8808 0.4618
109.6191 -1.2636
-26.7352 0.5554
-25.1101 0.2149
-26.2984 0.2371
-144.2951 1.7621
17.7713 -0.3156
-29.0916 0.2755
119.6467 -1.6059
37.6732 -0.5434
23.1609 -0.2273
-24.5839 0.2682
-154.2734 1.9042
61.6964 -0.7125
-154.8956 1.6964
69.8776 -0.9020
-111.6075 1.2485
11.9471 -0.0308
-28.3647 0.1554