37.5257 0.0519 -0.1522 -0.6763 -0.3835 0.7833 -1.7794 -1.0314
73.3466 1.3996 -0.4842 -1.0519 -0.8086 -1.6723 0.4520 -2.3012
-54.2062 2.0806 0.7531 0.9943 -0.0227 1.2065 0.1740 1.2467
19.1424 -0.8218 0.9051 0.0743 -1.0238 -1.7223 0.9153 -0.2176
0.1060 -0.2594 1.1483 -1.1274 -0.9817 2.3274 0.5461 -0.3138
-35.8939 0.2858 0.0026 2.2394 -0.7576 1.3425 -0.0775 0.7372
-17.2106 -0.7926 -0.6439 -0.3917 -0.9516 1.0196 -0.7739 0.5731
-14.6716 0.5831 1.5717 0.0429 0.3077 0.4175 -1.5797 -0.1364
-34.7483 -1.7805 0.5672 -0.0550 0.5460 1.6377 -0.3662 1.5120
-39.2440 0.4924 -0.4190 -0.8537 0.4229 -0.4076 0.3346 0.9650
-8.4796 0.5902 -0.6000 -0.3469 -0.3983 0.0440 1.8680 -0.3395
-14.2565 1.1635 1.0892 1.6195 -1.9221 1.2107 1.5143 0.3841
30.0981 -0.1866 1.4437 -0.7316 1.5096 0.4631 -0.1519 -0.5265
-25.5958 1.7178 0.2100 -0.0139 -0.1772 -0.4613 -2.0362 0.5879
-36.7445 -0.6818 -1.4002 0.8855 1.1577 2.6475 -0.2777 1.0912
71.5176 -1.6463 0.2326 -0.3641 0.7239 0.1973 0.0203 -2.3591
-8.0123 -1.0602 0.7495 -0.0662 -1.8757 0.4659 0.8853 -0.0486
38.9138 0.8212 0.0915 -0.2160 -0.4226 -1.9294 0.4757 -1.1023
21.3453 -1.2921 -1.9495 0.4752 -0.2962 -1.8876 -2.2868 -0.4246
-34.9064 -0.5732 0.1726 -0.1408 0.1763 1.5483 -1.0150 0.2190
30.1588 -0.7956 -0.9661 0.2334 1.0210 -0.5937 -0.3584 -0.6963
-29.3613 -1.2054 0.1251 0.5899 1.6825 0.3073 0.0894 1.2052
-23.0181 -0.2863 1.7986 -2.1751 0.5056 -0.9370 -0.2965 0.5653
15.7585 -0.2957 1.0805 -0.6463 -0.9644 -0.3618 -0.6187 -0.6195
37.6952 -1.0865 0.5325 0.5650 1.1482 1.0718 -0.7384 -0.9296
-3.5753 -0.6202 -0.3285 1.2047 -2.1081 -0.6696 0.7779 0.2555
-70.2235 0.3572 0.7936 -0.2330 1.1742 -1.3199 -0.9235 1.9175
-36.7838 0.5398 -1.7470 0.8990 0.6785 0.7147 -0.5520 0.8581
-3.1979 1.2251 -1.0410 -1.4273 1.2841 -0.8313 -1.2996 -0.2144
6.6118 -1.1729 1.1784 -0.3617 0.2922 0.3682 -0.8970 0.5071
18.0114 -0.7773 0.8027 0.9146 0.7563 0.4324 -0.3045 -1.1763
33.4516 1.6470 0.4196 -1.9298 -1.1060 -0.8192 -0.1511 -0.6917
-17.0018 -0.3530 -0.7860 -0.5652 2.2042 1.8113 0.6100 0.6765
-98.9747 0.1435 0.2200 -0.3598 -1.5511 0.3098 -1.1706 2.6426
-6.3612 -1.7204 -1.2419 0.2526 -1.9822 1.5848 -0.6993 0.3703
-27.0721 -1.3730 -0.5439 -0.8906 -1.6961 -0.7678 0.7890 1.1930
2.7219 -0.6278 -0.7391 0.7319 -0.9539 -0.2509 3.1297 0.1245
70.2359 0.7873 1.2538 1.8709 -0.7483 0.9736 -0.4864 -2.2668
-7.5837 1.0086 -1.9312 2.1313 -0.2089 0.6350 -0.4566 -0.0675
-11.5859 0.2075 0.4215 -0.2827 -0.1554 -0.3465 0.5235 0.2904
9.6408 -1.6029 0.3706 0.1704 1.8710 0.3220 -1.4582 0.1332
-33.6551 -0.8618 0.4889 -0.3339 -1.3353 -0.6190 0.2428 0.9215
-53.8263 0.3765 0.2830 -1.1086 -0.8236 1.4358 -2.0410 1.4358
48.4198 -0.3086 2.1463 -0.2208 0.2340 1.7359 -1.1835 -1.4585
-35.0144 0.8367 1.6380 1.3039 0.8286 1.8534 -0.8519 1.2687
37.0845 0.3752 -0.3745 -0.2038 1.0958 0.6562 -0.6109 -0.8105
-9.3998 1.4788 -0.3634 0.2311 -0.6668 -0.0201 -0.1256 0.0890
2.9340 0.5794 -1.0229 0.1373 0.4749 1.5003 -1.2239 -0.2483
35.4392 0.5247 0.3880 0.0299 1.9654 -1.2636 0.7393 -1.0807
-9.3179 -0.3325 0.2330 0.4233 0.6794 0.3996 -0.3756 0.1260