-170.9321 0.9912 -0.5075 1.9310
108.8241 -1.3137 -0.0582 0.0551
-238.9969 1.9911 0.3626 0.1893
-96.1362 1.1170 -0.5040 0.9964
-41.5062 0.9842 -1.0465 0.8978
95.1032 -1.0555 -0.6706 0.9254
99.2529 -0.3514 -0.1689 -0.8588
27.6119 -0.8145 0.9379 -0.7022
-134.6016 0.6843 0.4763 0.1817
69.6114 -1.0451 0.1790 0.3433
88.5661 -0.7236 0.4775 -0.8889
82.1976 0.5586 -0.8214 -0.6950
-220.4849 1.2456 1.7944 -1.2100
85.6011 0.7407 -1.7152 0.2120
-104.4431 0.9112 -0.6737 1.1404
-50.2872 0.4644 0.9633 -1.0673
-12.9333 1.1657 -1.5725 1.0703
184.9339 0.1250 -1.5087 -0.3984
-66.4696 0.6320 0.4346 -0.3248
253.3401 -1.4985 -1.6041 0.4175
80.5878 -0.0378 -1.3169 0.9944
14.3410 -1.5364 1.2918 0.0534
-70.5935 0.2696 -0.0154 0.4978
-44.5291 0.6614 0.5276 -0.9977
-148.5513 0.3492 0.5189 0.8090
-79.7200 0.6112 -0.3751 0.7390
103.1303 0.0476 -0.5960 -0.9447
349.7681 -1.1530 -2.0481 -0.6731
-130.6147 1.4383 -0.3941 0.4115
-6.6435 0.8948 -0.4187 -0.4561
571.6077 -1.6841 -4.3525 0.0265
109.9386 -0.9983 -0.2175 0.1546
115.2270 0.5641 -0.5582 -1.8329
70.0353 -0.7582 -1.2023 1.4529
123.0890 -0.7881 0.0768 -0.9993
-328.1586 2.1519 0.5872 1.0523
80.3521 -0.2322 -0.5438 0.0161
-77.1994 0.8118 0.5422 -0.6231
-3.2041 -1.1240 -0.1627 1.9096
-26.4881 -0.0424 0.2586 -0.1664
-306.2523 1.0484 1.1902 1.1790
-102.8384 -0.4796 0.1461 1.9789
-88.7359 0.5089 0.6311 -0.2716
-159.3269 -0.6890 2.1679 0.2635
-41.9153 0.4501 -0.9170 1.1159
-129.9094 1.9054 -0.4080 -0.1028
-357.1454 1.8121 1.9348 -0.0127
-19.2949 -0.4408 1.3403 -0.9795
-36.3981 0.4382 -0.6037 0.7004
33.7230 0.4160 -1.2944 0.6869