16.7432 -0.0334
147.5383 -1.6528
-27.3171 0.2959
92.4541 -0.8753
17.4919 -0.2171
213.5205 -2.2735
-118.5924 1.4378
-43.4974 0.4910
-162.9958 1.7976
-4.3439 0.3283
-132.1683 1.4297
-157.5852 1.7607
-41.7094 0.4636
-192.3508 2.2528
9.5249 -0.1371
123.9880 -1.7571
-51.1884 0.5340
-59.5207 0.6549
3.5052 -0.0022
-85.3930 0.9189
2.4048 -0.1249
0.7111 -0.0782
-153.3055 1.6974
36.2767 -0.5872
214.6848 -2.4279
-106.6719 1.1040
-46.6467 0.4439
-68.6789 0.8046
9.0831 -0.1124
96.9600 -1.0093
-8.1318 0.0594
210.5354 -2.3646
-69.9212 0.5403
82.2622 -0.9855
-16.8973 0.2374
152.7078 -1.6592
14.2819 -0.1338
-135.4622 1.4689
168.1509 -1.7728
-68.4175 0.7434
9.3946 -0.0735
-8.4434 0.0830
75.3513 -0.9286
146.3825 -1.7772
-164.8201 1.7033
5.7088 -0.2362
-6.0774 0.2835
62.9019 -0.5513
4.4403 -0.1034
-45.1691 0.5604
224.5957 -2.5926
59.6344 -0.6210
86.6655 -1.0483
15.9279 -0.1595
-14.2510 0.1799
-149.8482 1.7689
4.4699 0.0606
-14.7743 0.0847
-84.5795 1.1305
111.0012 -1.0856
-7.1130 0.2494
110.8018 -1.3344
23.4987 -0.2062
94.1638 -1.0108
169.2407 -1.8607
36.0742 -0.1999
-124.1496 1.3415
-42.2372 0.4205
63.5108 -0.7147
-90.4020 0.9532
24.6376 -0.1533
82.8816 -0.8032
27.1559 -0.2980
214.6011 -2.3881
86.8540 -0.9265
-35.8414 0.4992
-28.8198 0.0152
-23.7311 0.2834
-3.7631 0.0934
-70.0334 0.7178
-9.8630 0.0864
-41.8808 0.4618
109.6191 -1.2636
-26.7352 0.5554
-25.1101 0.2149
-26.2984 0.2371
-144.2951 1.7621
17.7713 -0.3156
-29.0916 0.2755
119.6467 -1.6059
37.6732 -0.5434
23.1609 -0.2273
-24.5839 0.2682
-154.2734 1.9042
61.6964 -0.7125
-154.8956 1.6964
69.8776 -0.9020
-111.6075 1.2485
11.9471 -0.0308
-28.3647 0.1554
-87.0435 0.7230
130.2987 -1.3346
58.1526 -0.6542
38.4414 -0.5600
4.9618 -0.1101
-117.8756 1.3707
-50.0596 0.5199
7.0902 -0.0185
-3.8395 -0.0090
-105.3509 1.2883
-104.2395 1.1761
-109.9954 1.0299
-2.0862 0.1443
-17.5716 0.1374
13.7374 -0.0188
11.7975 -0.2006
-17.3018 0.1051
87.8416 -1.0760
165.0725 -1.6107
54.9705 -0.5589
-76.0553 0.8543
178.6268 -2.1669
-75.9563 0.7898
51.7556 -0.5828
-2.9396 0.0211
-4.6005 0.0307
-80.2818 0.8706
-117.5764 1.2528
-47.2790 0.4404
-69.8037 0.7850
-51.0079 0.8238
-60.2820 0.6792
-207.1809 2.2890
140.5715 -1.5562
-101.4015 1.0927
15.2885 -0.1037
-27.0242 0.2589
-24.2092 0.3488
-153.4944 1.6720
68.2013 -0.7244
-63.5250 0.6299
176.2745 -1.7225
-119.3467 1.2039
8.9035 -0.2783
-173.0233 1.9457
-203.0529 2.3066
0.5458 -0.0077
40.4443 -0.4226
15.2250 -0.3575
138.8945 -1.5123
31.1816 -0.3366
-27.5141 0.2273
108.9745 -1.2676
-6.9037 0.3262
-121.3824 1.3936
-23.9928 0.3268
-25.9075 0.1412
-7.1606 0.0648
-195.5132 2.1851
-3.6156 -0.0211
4.4439 0.1115
-115.3143 1.3755
26.7901 -0.5010
6.1737 -0.0921
127.4393 -1.5768
-1.0696 -0.0440
201.2971 -2.5230
-109.6714 1.3237
61.4227 -0.5503
-62.4151 0.7776
-44.9531 0.6008
-41.7874 0.6010
-69.8947 0.5015
-74.7145 0.9118
-24.8199 0.5005
187.5435 -1.9332
-11.5868 0.1088
56.6302 -0.6240
-32.2164 0.3404
-13.5966 0.1662
-53.8797 0.5527
-77.7776 0.8477
-67.5411 0.5934
-94.0268 1.1128
-42.8686 0.6383
-33.7688 0.4023
-85.6412 1.0522
68.2393 -0.7948
-50.2584 0.5880
75.9593 -0.9195
58.9430 -0.7768
-31.5249 0.4295
-88.1916 1.0434
23.3870 -0.2155
-52.6488 0.6664
49.0380 -0.3039
-29.3283 0.5102
-138.1258 1.4485
-131.4283 1.5791
-47.5181 0.6728
-1.4356 0.0061
-66.6873 0.8556
57.4851 -0.6661
120.6456 -1.2214
109.2941 -1.1884
87.2054 -0.9625
-64.8114 0.8954
-4.7591 -0.0199
6.7953 -0.2492
-71.2954 0.9524
45.1206 -0.5949
-63.4455 0.7165
32.0692 -0.4452
-75.3156 0.7484
-43.3279 0.4521
85.2355 -0.9374
-52.7574 0.5655
93.9055 -0.9753
21.8177 -0.2993
46.9835 -0.5849
102.0320 -0.9681
78.9620 -0.8361
105.3767 -1.0971
47.4976 -0.6001
-7.1280 -0.0306
-95.8298 1.0312
-29.9752 0.4308
-100.1652 1.2732
-62.5873 0.6122
42.4850 -0.4279
62.6510 -0.7937
85.9284 -0.8990
11.2243 0.0741
6.2743 -0.0774
-30.4058 0.4544
117.9127 -1.2304
-2.4303 -0.0099
-34.4283 0.3362
39.2698 -0.4238
180.9514 -2.1437
-8.9135 0.2884
64.4039 -0.7724
213.4654 -2.4519
-5.4600 0.1962
-23.7677 0.4029
-169.3843 2.0618
-80.6305 0.7707
18.3754 -0.1151
108.8507 -1.3045
83.2724 -0.9579
-27.4455 0.3619
-37.6322 0.5011
142.8217 -1.5601
-141.9180 1.5923
122.5461 -1.3331
-38.3204 0.6695
-174.9458 1.8620
55.0239 -0.3958
-109.0046 1.4117
43.1759 -0.4669
9.8300 -0.2050
-168.4185 1.7279
-59.6353 0.7410
-26.6157 0.2862
-54.5428 0.7195
23.9057 -0.1872
56.2132 -0.3975
-117.4367 1.2924
-114.4431 1.2106
31.0263 -0.3303
12.5936 -0.1782
-14.5162 0.0952
128.5135 -1.5064
117.6327 -1.1142
-32.9198 0.5183
-3.2642 0.0881
189.6700 -2.0130
37.3001 -0.6451
-9.1837 0.1499
-95.1900 1.0603
-56.6492 0.5892
-48.1692 0.5298
-43.3957 0.5178
52.6294 -0.7435
-35.4240 0.5042
-88.9103 1.2054
120.8439 -1.3635
-124.8362 1.2998
44.3652 -0.3404
20.4457 -0.3257
-23.8330 0.2242
79.5658 -0.9060
234.2588 -2.7249
-19.7169 0.3499
-43.8712 0.4789
44.3885 -0.4943
-12.0632 0.1257
-112.8243 1.2061
44.5567 -0.3272
42.5309 -0.4181
-2.9816 0.0541
86.1096 -0.8856
81.9133 -1.0393
-62.9164 0.5903
-106.6241 1.3115
96.6568 -1.2218
26.9950 -0.0756
-94.7185 1.0245
139.1722 -1.6236
-98.5485 1.0901
39.9385 -0.2838
34.3439 -0.4752
-12.1188 0.2177
-90.1270 1.0125
-166.3551 1.8969
2.1822 -0.0480
42.7650 -0.3804
-172.2841 2.1602
-57.7559 0.7133
5.1539 -0.1077
-80.6260 0.9064
-10.6638 0.1115
103.9777 -1.6315
104.3345 -1.1346
-19.6781 0.4126
-112.1115 1.2693
65.2851 -0.5540
32.1937 -0.2972
-12.6243 0.1376
31.8671 -0.3182
112.1079 -1.2032
-36.1066 0.4454
-7.0558 0.1871
-85.6818 0.9463
57.4370 -0.6201
-47.1793 0.3655
-14.2282 0.1857
-9.0850 0.4443
56.0155 -0.5887
-69.6027 0.8121
-80.7810 0.8452
98.3435 -1.1928
40.2604 -0.5196
174.5406 -1.8629
6.5647 -0.0773
-68.6491 0.8069
-52.0780 0.5255
68.8724 -0.7131
32.3033 -0.2282
-65.7697 0.7275
37.3905 -0.5505
22.9458 -0.1642
66.9978 -0.7681
-209.3609 2.4919
-80.6796 1.0284
-101.1777 1.1726
98.3665 -0.9796
41.7423 -0.5304
31.7498 -0.1666
-37.2791 0.2710
57.9594 -0.7478
-76.3334 0.9326
-66.5601 0.8825
129.5407 -1.4537
-19.8735 0.3088
16.5202 -0.1085
-125.3771 1.2591
-153.6272 1.9718
-211.7776 2.4522
-2.7818 -0.0436
-10.1100 0.0883
110.1141 -1.1276
-26.5903 0.2564
-107.2998 1.1600
-34.6788 0.3266
-28.4370 0.4462
-116.1648 1.5414
38.1813 -0.4648
41.4827 -0.4960
-93.5820 1.3244
-100.9040 1.0613
-17.3977 0.3357
100.4910 -1.0183
-59.4155 0.7811
43.4724 -0.4268
-52.2071 0.7012
-249.4545 3.0476
87.8521 -1.0896
-49.0372 0.5350
-101.4919 1.1325
32.7778 -0.3586
-2.6139 0.0251
-60.9382 0.6855
19.2573 -0.2298
56.3655 -0.5331
-36.6244 0.2668
-0.7792 0.0921
-88.1873 1.0788
121.1854 -1.3391
-5.3523 0.1147
85.2343 -1.0123
-116.5152 1.2788
72.6468 -0.7606
-145.5010 1.7435
-13.8885 0.0698
23.3067 -0.4116
88.1336 -0.7905
34.0315 -0.4239
92.8594 -0.9779
89.3251 -1.1053
-95.7741 1.0200
20.4033 -0.0317
99.6250 -1.0259
-5.2881 -0.0320
-143.7832 1.6548
75.6103 -1.1264
-124.5503 1.4337
32.7449 -0.4301
-14.6533 0.0841
-35.7992 0.4189
114.2839 -1.2159
19.8974 -0.3436
65.0036 -0.6750
-127.7646 1.3850
-34.6707 0.4388
0.8929 0.0075
56.8050 -0.6944
89.5619 -1.2453
93.8293 -0.9368
-46.3304 0.6104
-85.9735 0.8290
-106.5566 1.0412
-74.6844 0.7572
-48.5556 0.5902
61.1554 -0.6734
-22.2144 0.3687
-41.7712 0.2780
155.6330 -1.6924
34.8903 -0.5148
173.4915 -2.0547
85.1009 -0.8555
-20.5647 0.2826
-106.9363 1.3031
-134.4899 1.6541
0.7101 -0.0464
14.2173 -0.0451
-27.8449 0.4569
-38.1582 0.4404
137.3513 -1.7941
-9.1063 0.0587
53.3125 -0.4392
86.3352 -1.1263
-11.9016 0.1345
8.4202 0.0316
62.4063 -0.6811
62.1594 -0.7058
76.2402 -0.8533
-40.2353 0.4843
-157.4418 1.8198
113.7389 -1.3708
-127.7176 1.3060
-48.4078 0.5232
-47.0759 0.4097
-129.4895 1.4864
-62.6981 0.6875
-153.1919 1.7132
45.7067 -0.4168
-62.2131 0.7798
-43.4159 0.4531
6.8759 -0.1651
110.3107 -1.3561
-38.7900 0.4786
-24.0441 0.1077
-59.3750 0.5745
-55.0953 0.7503
-94.7670 1.0010
-32.1295 0.3780
-78.3053 1.0360
-69.9853 0.8382
-1.7651 0.0549
-135.6223 1.6552
-22.9508 0.2378
-6.2098 0.1239
40.5661 -0.4590
-42.6600 0.5433
-20.0628 0.1901
-45.7113 0.6414
46.9321 -0.3221
-141.3721 1.5431
-18.9200 0.0701
115.4908 -1.2404
95.3734 -1.1077
-136.5874 1.3390
-45.7648 0.5820
-5.0536 0.1457
-20.8419 0.4973
-128.9103 1.5035
158.0774 -1.7564
-121.3922 1.3754
-23.1798 0.3718