-100.6801 -0.9429 1.8199 -1.7806 -1.2370 1.2463 -1.1475 -0.3381
-83.0384 -0.7074 -0.3426 -1.7791 0.3385 1.6868 -0.7190 -0.7790
-59.7153 0.4578 0.3773 -0.7959 -1.1267 -0.2613 -0.6790 0.5114
19.4613 -1.2645 -1.5208 1.0927 0.0007 -1.4143 1.2131 -0.2568
68.4033 -0.6085 -0.6317 0.7335 1.8250 0.5119 0.2771 1.0103
4.5599 0.9226 -0.0389 -0.2450 -0.8554 0.4148 -0.2454 0.2768
131.7038 -0.5724 0.3482 1.2249 1.4706 1.3772 -0.0240 -0.8090
-87.2453 -0.2955 0.4557 -1.3517 0.9249 0.5127 0.9733 -0.1068
-158.5574 -0.1029 0.1262 -1.5239 -0.3223 -0.9010 -0.5160 0.7406
13.6448 -1.5807 0.0944 -0.5344 -0.7590 1.1728 0.1770 2.6647
-57.2913 -0.7751 -1.5156 -0.7140 1.8045 0.3621 0.2659 1.4080
42.1262 1.8694 -0.7801 0.9096 0.7104 -0.9713 2.8692 1.8024
-22.7948 -0.6697 0.0181 1.3100 0.4793 -2.5961 0.0814 0.0910
27.1112 1.5538 0.3080 0.4712 -0.9225 -0.7755 0.6691 0.4275
-37.5956 -0.7355 0.7887 0.2807 -1.1558 -0.6828 -0.4457 -0.4819
-43.7789 -0.2456 -1.8205 -0.2628 0.9262 -0.5227 -0.9816 1.3603
-86.1006 -0.9140 -0.9395 -0.6833 -0.2838 -0.3276 -1.7940 -0.7938
-83.1260 -2.0184 2.3355 -0.5991 0.9625 -0.0455 2.0322 -1.2948
-69.6170 -0.1030 0.1391 -1.1937 -0.5829 0.2984 0.6190 0.0550
-47.3145 0.0639 -0.8516 -0.6858 1.1908 0.0128 -0.0366 -0.3163
-91.6567 2.1386 -0.5004 -1.6595 -0.1095 -0.0547 0.6553 -0.5205
71.9884 -0.0998 0.1157 1.0465 2.7042 -0.2703 -0.7763 1.2061
33.0271 0.6960 -0.4147 0.4884 2.0451 -0.4350 -1.0711 0.3438
-86.8006 -0.0396 0.4158 -0.7087 -0.5532 -0.9651 0.2510 -0.0968
-60.2651 0.4914 -0.0174 -0.1774 0.5683 -1.2291 -1.2108 -2.1474
-31.7279 0.5993 -0.2230 0.4731 -0.1930 -1.4749 0.4811 -2.1028
-144.0800 -1.9293 -0.1724 -1.5877 0.0184 -0.1558 -0.3461 0.5573
-24.2288 0.2093 -0.3382 -0.8211 -0.3620 0.4449 0.9129 -1.3953
-28.5491 0.8089 -0.1195 -0.4410 0.4645 0.0815 -0.2470 -0.1797
119.2058 0.3406 0.5336 1.5692 0.8295 0.2248 1.2393 -0.2397
62.2182 -1.9065 0.5345 0.5486 -0.4183 1.1021 1.0731 0.5415
134.5426 1.7136 1.4609 1.2589 -0.4333 0.3387 -0.3980 -0.5043
123.9705 1.7114 0.1467 1.5938 -0.7753 -0.0726 0.0339 0.5895
44.4390 -0.0940 -1.0105 -0.2435 -0.3577 1.2940 -0.2490 -0.2350
226.5454 -1.1549 0.5822 4.0253 1.0156 -1.3271 -0.2788 0.1239
97.8661 2.0940 0.5184 0.9939 0.7036 -0.4542 1.1029 -0.6236
2.6567 -0.8309 0.2633 -0.5935 -0.5487 1.1606 -0.4334 -0.7680
36.0857 1.2086 -0.2279 -0.4831 2.8230 1.1726 -0.2645 -1.5466
26.8323 0.9242 0.5806 -0.0278 -2.1560 -0.0217 -0.9957 0.2455
-47.4952 -0.4203 0.4892 0.1512 1.7240 -0.8416 -1.0133 0.5346
-151.4253 0.4120 -0.5870 -1.9500 -0.0287 -0.4933 -0.2890 1.3092
41.1947 0.9566 2.1411 -0.0120 -0.1403 0.6815 -2.1544 -1.7310
-59.8969 -0.2807 -0.2702 -1.3818 -0.9415 0.8008 -0.9420 -1.9111
-125.0057 0.0636 -1.5762 -1.5004 -1.6464 -0.2251 0.2631 0.1286
41.4682 1.0814 0.7983 -0.1037 1.7792 0.7951 0.1690 0.0649
36.6379 0.9157 1.1845 0.5917 -0.6807 -0.4301 0.8550 -0.8932
-9.6526 -1.0860 -0.5015 0.0043 -1.0140 0.5527 -2.8362 0.8814
-28.8196 -0.2507 0.1699 -0.1490 0.1541 -0.3484 0.5538 -2.7532
33.5155 -0.8552 3.3021 0.1682 0.1098 0.8504 0.3834 -0.5962
41.2470 -1.9562 -1.6199 1.1097 -0.1203 0.0556 -1.2562 0.5102