-34.4166 -0.3784 -0.5701 0.5677
7.7944 0.7792 -0.1998 -0.9875
-19.8276 -0.4777 -0.0615 0.1834
30.4641 0.6715 0.0304 0.1546
13.7292 1.1727 -0.5563 -0.3739
27.0186 0.1322 0.2521 0.2325
72.1028 1.4402 0.0205 -0.3791
71.5969 0.3440 1.2113 -0.9954
-190.2742 -0.4596 -2.6377 0.0384
-100.2981 -0.4396 -1.2619 0.3959
-56.2199 -0.4554 -0.0373 -0.4241
38.4882 0.8964 -0.6636 1.4318
68.5726 0.3194 0.5298 0.1152
-208.7722 -1.0208 -1.6347 -0.9219
-159.6484 -2.0335 -0.7949 -0.0755
15.6773 -0.5326 1.0798 -1.3690
-19.4681 -0.3952 -0.3702 1.3223
-70.0835 -1.3185 0.7017 -1.2589
-46.6628 0.1390 -0.8968 0.4689
38.3459 0.3127 0.0230 0.9958
-174.9901 -1.3252 -1.2695 -0.0445
-53.2934 -0.7307 0.2722 -0.5099
113.2533 0.5039 1.0093 0.9095
85.9363 1.9245 -0.3502 0.1306
66.8144 0.4570 0.7928 0.1850
81.0491 -0.0542 0.1515 1.9974
98.8802 -0.0056 0.3389 2.7546
0.9701 -0.0251 -0.0567 0.1113
-27.1535 -0.5172 -0.4227 0.6236
-37.0237 0.3487 -0.5469 -0.5100
-19.2618 0.3881 -0.7485 0.2977
-73.5989 -0.3649 -0.7010 -0.0358
53.6219 1.4428 -0.0119 -0.8008
-44.2295 0.8475 -0.6593 -1.6334
13.3807 0.2715 0.0575 -0.2799
-39.2941 0.2279 -0.0843 -1.2464
22.2748 0.2115 1.6858 -2.7747
-37.0002 0.4529 -0.0508 -2.2715
-7.0815 -0.4573 0.6567 -0.5337
-57.8352 -0.1247 -0.7156 -0.0375
-3.3492 1.0963 -1.0144 0.2791
-40.8303 0.5325 -0.9377 -0.2495
-0.6870 0.6257 -0.7189 0.6203
170.7097 -0.2078 1.6457 1.9971
33.5118 0.6660 -0.9475 2.0987
34.2296 -0.3879 0.7296 -0.0257
-13.6213 -1.1656 1.5496 -1.1748
49.4284 1.5329 -0.3530 0.0264
39.5789 1.4145 0.2538 -1.2905
79.8707 1.2423 0.6960 -1.1087