-127.9541 1.6800 -0.9250 0.3282
-24.1916 -1.6616 -0.5593 -1.8362
-101.0675 1.2574 -1.4948 1.5158
-114.3725 -1.5292 0.4461 1.1633
17.6556 -1.4327 1.5194 0.0941
-83.2272 0.7291 0.8488 -0.2804
157.5556 -0.9976 1.9495 1.1925
160.9848 -1.4135 0.6418 0.9463
-115.6176 -1.8988 -1.9859 -1.1496
-191.5457 0.6622 -0.5926 -0.3668
-136.2177 -0.5528 -0.8874 -0.1558
-43.1404 1.3895 -0.9492 1.1019
-109.9779 -1.1845 0.1557 -0.7165
116.5471 -0.5453 -0.2250 -0.7088
-157.2834 1.0063 -1.1426 1.8711
-83.1249 -0.6476 -1.6522 -1.3753
103.6381 -0.0945 0.7770 -0.2016
123.5356 -0.4677 1.4146 -1.0509
-183.7270 -1.1836 0.7866 -1.5969
-10.0791 -1.3731 -0.8398 -0.1171
-21.5356 1.0171 0.0755 1.5984
1.6477 -0.8568 0.7205 -0.4544
-183.0997 -1.5527 0.3411 0.6914
-161.4635 -0.0988 -1.7458 1.7454
69.6722 -0.2537 -1.7099 -0.4071
-177.1165 -0.5376 1.1117 -1.6213
99.8320 1.2018 -0.6255 1.7405
-190.5850 1.2150 0.8702 1.9967
-148.7774 -1.0531 -0.9358 -1.4942
77.0992 0.6729 -1.7554 0.4465
23.3935 -1.3012 0.7694 1.6253
-141.6681 1.4916 -0.9712 0.8164
-64.4575 0.6625 -0.4303 1.7483
-130.6606 -0.8648 -1.7000 1.5599
4.3929 -0.3650 0.8408 -0.6801
-199.8540 -1.2472 0.8295 -1.3287
-14.8392 -1.2930 -1.6676 -0.2936
49.5471 0.2403 0.4901 -1.6482
-37.0018 -0.0154 1.1269 -1.6184
92.4269 -1.5732 -1.1329 1.5077
-129.4461 -0.9779 0.2515 1.9722
-145.5100 0.9997 0.1904 -1.6348
-118.3363 -0.3631 -1.5487 -1.2448
187.7655 0.1401 -0.9626 -1.6153
-74.7903 -0.4118 -1.2271 1.3813
-169.7240 1.1035 1.4614 1.4948
125.8883 1.6031 0.9916 0.0917
-195.2993 -0.6286 0.3326 1.1137
-9.7708 -1.7206 1.3023 -0.9643
-65.0383 1.4276 -1.7497 -0.4946