-4.1497 -1.4145
194.5403 -0.3300
-2.1431 -1.6682
-124.3789 -0.2474
-196.2869 -0.1075
-47.6978 1.6401
194.6012 -1.9711
145.3126 -1.2738
-177.9577 0.0272
-50.9549 -1.6836
-9.6185 -1.6381
-101.2951 1.3538
-51.8988 -0.4072
47.0925 -0.0044
138.1361 1.7887
-120.6314 1.9061
45.4812 -1.8061
153.1512 0.4414
36.4643 0.6065
-22.9651 0.8408
12.0618 0.2338
-27.6529 1.0192
159.0223 -1.7566
173.0940 -1.2961
-9.5431 1.9616
20.9527 -1.8716
87.0833 -0.7306
-79.3517 1.4867
-144.9807 1.6886
127.3206 1.4215
65.2749 -1.8448
-187.1806 0.7975
-198.5679 0.6200
138.1470 -0.0424
-59.9697 -1.2244
46.7169 -0.1480
-151.0214 -1.5969
-157.4623 -0.7248
100.2776 1.7206
139.1465 -1.6374
-182.6401 -1.7864
-41.4725 0.6991
-164.7591 1.7003
-137.0221 0.7122
-118.2558 0.5181
-82.7298 -0.2844
-197.9214 0.5164
113.6927 -1.7406
86.5130 1.7807
107.2792 -0.6915
84.8689 -0.2014
89.3570 0.9437
-34.7980 -0.9347
129.9642 -1.0227
154.4217 1.0011
71.1275 1.3626
7.0750 0.8000
-131.3550 0.4267
120.4769 1.2146
-139.8996 0.7529
126.1542 0.6784
-199.7567 0.2924
48.2311 -0.0750
197.3311 -1.4965
92.5384 -0.5491
-97.1464 1.4160
-46.8945 -1.4817
-39.3115 0.7287
-123.4878 1.3031
107.2628 -0.9020
189.4290 0.2485
-80.7117 -0.4252
133.3446 -1.4183
-141.8542 -1.1940
68.3049 -0.4021
-156.6517 1.2544
-117.3997 0.1355
10.7200 1.8561
-127.5149 -0.4560
-29.2485 1.8536
-147.0037 -0.3340
-103.1895 0.7206
67.5788 -0.1415
-1.2246 -0.3494
189.3952 0.6015
42.2032 0.8051
-168.6685 -0.2961
93.2985 -1.7944
96.9006 -0.1110
-30.4567 0.8952
-107.0940 1.2657
-159.3400 -1.2696
169.1407 -0.9513
-54.4029 0.4663
72.9902 1.9745
62.7994 1.2406
-90.6667 1.5512
192.7024 0.5655
98.9481 -1.6190
-52.4122 -0.5730
144.6771 -0.1641
108.0362 -0.2349
-84.2531 -0.2066
-185.5552 1.7546
-81.3971 -0.2960
47.6007 -1.3986
37.2399 0.4717
62.3350 1.3844
116.7193 0.2996
-41.1879 -1.3025
49.3919 -0.1401
-14.9296 1.5471
-170.4797 0.0371
-45.6459 -1.0693
3.6130 -0.5942
-98.8586 -1.9518
145.9141 -0.4467
83.9250 1.6952
-63.5504 -0.3604
-93.5586 -1.6562
-100.3665 1.6361
-140.6926 -0.8789
104.2873 -0.2105
148.4792 1.0972
13.9750 -0.6280
24.4620 1.8484
82.7773 -1.2584
91.4175 0.3273
-114.6484 1.0637
67.1083 1.6404
-84.8642 0.0666
-194.0065 0.5783
-25.3184 0.5332
-32.7383 -1.0052
121.0341 -0.4630
132.8837 0.5096
105.0568 -0.9413
-5.7871 -0.6331
137.1881 0.9474
-22.9306 -1.0926
96.7428 -1.0394
-183.9845 1.0677
115.8119 1.6197
138.0404 1.8751
196.7826 0.2720
15.2437 0.0193
-83.9922 -0.0333
156.6449 0.9719
-65.8593 -1.3279
-144.9202 -1.2027
105.9533 0.8838
-132.7745 -1.8320
137.2006 0.7157
-196.1943 0.9172
-146.3557 -1.4484
-113.3677 -1.8215
-100.4441 0.4222
-35.6637 -0.9298
-150.1123 0.1976
90.8038 0.6050
-193.7136 0.1631
-36.6966 -1.9214
135.2365 0.1500
-5.2393 0.2393
174.1130 -1.7200
-139.7754 -0.5076
104.4132 -0.8437
92.0876 0.8106
-198.3327 -0.0934
-53.6251 -0.7242
70.4142 -1.8497
-194.1433 1.2010
109.0655 -1.9804
-93.4450 1.6302
-4.0443 1.3741
-122.9479 -1.5929
161.6340 1.7056
-158.6063 -0.4180
-124.4412 1.2387
-62.5900 -0.3308
68.1953 1.7303
-70.9884 -1.9804
-154.7348 -1.6923
78.6986 0.7324
92.3951 0.7777
13.8966 1.6739
-92.9703 1.4725
-100.4814 0.5821
-42.0165 1.3110
-154.7488 -0.5653
-191.3746 1.4156
-57.3778 -0.8822
-164.1187 1.8367
176.8233 -1.9851
-57.2302 -0.3155
21.3113 -1.9523
136.9365 -1.5090
16.2102 -0.9294
15.5677 -0.6786
18.9024 -0.8024
26.9615 1.5085
-41.8623 -1.9761
27.6782 -1.0102
-21.8000 0.6184
126.2584 1.5548
194.4711 -1.1870
-116.2048 -1.1000
169.3718 -1.4219
125.3757 -0.7152
27.0486 1.8397
135.9176 0.9869
71.4275 0.4032
178.1710 1.2630
189.1173 0.2476
94.5661 0.0853
-112.0098 0.4406
-119.3421 1.8842
135.4239 -0.3064
-52.2321 1.9825
-55.3940 1.6404
-34.5773 -1.9161
-38.8157 0.2162
17.5088 -0.2327
-130.0049 -0.5014
14.8806 -1.4773
172.4553 -1.6910
-139.8803 -1.4864
-90.3337 -0.6550
-176.2459 -1.7342
90.6837 1.2163
155.4940 1.7045
153.9700 1.3978
-40.2829 -1.6625
160.0833 -0.5786
136.7825 1.2559
-73.3523 -0.6358
-112.7438 -1.8392
197.4798 0.5052
-85.2015 -1.8274
135.3457 -0.8214
55.5314 1.9236
-134.8214 1.5363
-195.0913 -1.2149
162.5397 0.7475
177.8935 1.7460
-190.7991 1.9535
-102.8506 -1.2739
44.2808 -0.2957
-12.9863 -0.8290
23.9145 0.8395
109.6591 0.2242
-132.9164 -0.5709
134.3763 -0.9844
68.7572 -1.5599
160.5581 -0.0026
5.4461 1.8930
-144.0908 1.3258
-164.2977 0.3240
62.0235 1.5577
-139.7632 -0.7222
-90.2175 -1.9846
57.7656 0.4901
-28.3565 -1.8591
-33.4280 0.3352
167.9396 0.4520
-59.5181 0.3894
-142.2820 0.5712
51.2786 -0.2754
190.7703 1.2667
162.1516 0.8550
-25.5730 -1.0932
-171.7464 -0.0627
10.3386 0.2757
120.7704 1.6960
2.4213 -1.0631
141.9820 1.6418
194.5375 -0.0255
-115.2077 0.5597
71.0698 1.6615
128.4678 -1.1614
-98.0961 0.1178
-61.9229 0.7188
-12.1192 1.7126
45.7932 -1.3687
133.6979 1.2273
47.3383 0.7181
144.4727 -1.9396
191.0890 -1.7346
8.8907 -0.2708
4.6915 -1.4359
-161.2101 -1.9731
34.3400 -0.3778
153.1177 0.0629
103.7460 -1.7807
124.1090 -0.5465
-147.2362 -0.4817
44.0637 1.7789
-167.4881 -0.9928
-28.8761 1.3665
106.9143 0.3268
82.4407 0.4240
63.1315 1.1834
-194.9461 -0.8183
-42.4680 -1.4160
-53.6646 -1.9496
-137.3142 -0.4824
-24.2028 -1.6753
132.3406 1.6516
162.1978 1.9472
-143.9007 0.9336
55.2219 -1.6629
-42.6699 -1.7054
-23.1492 0.9864
172.6749 -1.7091
-98.7533 -0.3360
119.6111 -0.5288
94.9223 0.3509
-13.5405 0.7956
-63.6151 -1.0431
193.0159 1.0985
81.7280 -1.2618
89.5297 -1.4534
176.1443 1.4112
-196.8289 -0.3856
86.1746 1.1051
196.9951 -1.4939
-66.9701 -0.5774
91.4551 -0.5643
-46.6253 -0.2552
-198.7787 1.6891
-97.5655 -0.2201
-160.7880 1.7744
-83.6357 1.5857
102.4667 0.5222
191.0307 0.1680
183.0287 0.9133
90.4081 1.6115
-99.8202 -1.6650
20.9791 0.9889
-78.2689 1.3296
-20.6288 0.0139
87.4444 0.5488
-24.5443 1.3999
-117.6522 1.6498
-60.7568 0.6634
151.6475 -0.5637
18.7675 0.7463
-108.2532 -0.6115
-19.5768 -1.8942
-88.2458 1.3257
-160.5861 1.1914
-16.3129 -0.7737
-35.3353 -0.1928
175.3505 -0.1689
142.3176 0.1532
-195.1311 -1.0974
-59.6681 0.2525
49.8440 1.3601
37.9731 0.2330
158.3643 -0.9714
-91.8783 -1.1639
-117.6441 -1.3217
190.3130 -1.1886
-86.3103 1.3792
-94.5454 0.1129
-38.4471 0.8812
192.6776 -0.6725
117.8029 0.4713
72.1744 0.9836
-163.5198 1.0524
83.2590 1.3144
105.4002 -0.4863
175.8854 1.5554
-147.1379 -1.2710
14.9749 -0.5151
-188.7579 -0.8120
-31.7421 0.0485
10.7143 -1.2535
21.1947 1.9563
22.2437 0.2487
-121.3514 -1.9170
-142.9235 1.3221
53.8079 1.3003
-57.7023 -0.1469
126.5671 -0.3610
-83.4965 -0.6811
-158.3609 -1.6050
-108.6403 0.8263
91.1075 -1.7601
112.3161 -1.2448
-57.4878 1.4877
189.5484 -0.3751
-29.5207 -1.2286
-110.8664 1.5595
-197.3357 1.9227
-155.3609 -1.6313
118.3493 1.7267
-164.2280 -0.1804
197.1316 1.9652
-139.1581 1.0303
197.8066 0.6476
-6.9137 0.9854
-61.5528 -1.6259
28.5784 -0.9210
120.0053 1.9396
88.9923 -1.6057
-20.6694 0.3513
-44.9962 1.9432
156.9580 0.1873
75.5626 -0.9527
-122.4503 -0.1523
-165.8022 1.7050
-128.2092 1.2945
-101.1683 -1.3484
-103.9476 -0.6287
-71.5945 -1.3297
61.7931 -0.0543
11.9535 1.2124
-0.7970 1.7876
-150.2208 1.6228
67.8583 -1.0251
-83.6997 1.5375
58.7392 0.3379
-108.9094 0.6882
23.8880 0.1333
-145.2893 1.4671
89.5621 -1.3928
-13.3847 -1.8752
-123.7802 1.0818
68.3370 0.9472
168.9351 -1.0487
28.2829 -0.7937
-31.4314 -1.9918
54.2234 -1.5223
57.7809 1.8579
199.6915 -1.7037
-188.8598 1.3673
-116.7575 -0.2945
38.4303 0.2447
44.8341 1.2683
163.9220 -1.6181
-93.2616 -0.5228
69.7270 1.2872
193.2152 -0.7196
-194.9651 0.7890
-32.6276 0.9716
1.9672 0.4062
-182.9440 -0.0900
-194.3048 -0.1925
143.9398 0.7131
21.5523 -1.8791
-153.9585 -1.2347
-153.7834 0.4942
68.1550 1.8869
24.8554 1.6841
135.6032 0.5212
-166.9392 1.3958
139.2960 0.3567
-73.4531 -0.0568
-79.2270 0.1636
-155.0233 -1.2649
-136.3032 -1.4565
-11.1799 -0.4361
-96.8412 -0.5824
161.4161 0.5412
168.6511 1.8846
-81.8328 -0.5014
29.2859 -1.8164
-26.1254 -1.3473
193.4687 0.0381
167.7512 -1.0614
-174.7641 -0.1858
-28.2978 0.7214
18.0372 -1.0396
-170.0261 0.4039
33.0061 -0.6782
21.0091 -0.6989
199.5007 1.8852
-11.6172 1.6707
162.1592 -0.7889
159.6651 -0.8877
-161.8719 0.0439
-38.3174 -1.8692
164.8587 -1.1424
10.1340 -0.7173
-110.3546 -0.4236
-49.9258 -1.4474
115.8715 1.3279
-144.3225 -1.1857
104.5883 0.4675
-182.1250 0.3730
47.0025 1.8058
135.3027 0.7977
89.3215 -0.9790
-129.6438 -1.5889
2.4032 -1.6891
-168.4416 -1.3170
-135.2635 0.1061
93.8437 -1.8800
107.8946 -1.2411