2.3 1.8 0.5 0.3 6
6.6 6.8 1.6 0.9 8.8
5.6 1.4 1 0.8 13.9
3.4 0.9 1.4 0.3 9.5
3 4.7 0.8 0.1 10.9
4.4 0.8 0.7 1.3 6.1
7.6 1.6 0.7 0.6 14.8
2 4.1 1.9 0.1 5
4.2 4.5 0.9 0.3 14.5
0.8 0.2 0 0 0.6
1.9 1.9 0.4 0.1 8.8
1.9 1.1 0.6 0.1 6.3
3.1 2.8 1.4 0.5 14.8
4 0 0.4 0.4 3.4
1.9 0.5 0.2 0.1 7.1
0.5 0 0 0 0.7
1.8 0.3 0.2 0.1 4.4
7.3 0.7 0.4 0.9 11.1
0.2 0 0.1 0.1 0.7
2.4 0.4 0.9 0.9 3.7
2.4 1.1 0.9 0.1 6.9
3 0.8 0.3 0.3 2.9
7 1.3 0.4 0.1 16.4
1.5 0.5 0.3 0.3 0.3
1.9 0.3 0.6 0.3 2.5
1 0.6 0.2 0 1.8
1.1 2.2 0.2 0 6.2
1.6 0.1 0.3 0 2.7
2.3 1 0.5 0.5 3.5
4.1 1.1 0.4 0.1 5.5
0.5 0.3 0 0 1.7
1.3 0.4 0 0 2.6
4.3 1.2 1.3 0.5 9.3
0.7 0.7 0.3 0 1.7
0.7 0 0.2 0.2 0.7
1.1 0.9 0.7 0.5 5.3
1.5 0 0 1 1.5
0.5 0 0 0 1.5
10.8 4.5 1 3.4 24.8
17.6 1.8 1 1.5 24.8
13.2 5 1 2.5 18.9
13.3 3.9 1.2 3.2 26.2
16.9 5 1.5 4.1 27.7
14.1 2.2 1.1 2.1 34.5
14.5 4.8 1.4 3.5 27
11 5 2.5 1.9 29.3
10.9 5.5 2.2 1.9 27.9
14.3 6.3 2.6 0.7 29.8
10.7 5.2 2.3 2.4 27.4
1.7 0.7 0.3 0 1.7